values {
	pelvis_tilt = 0.00156924
	pelvis_tx =	0
	pelvis_ty = 0.931164
	hip_flexion_r = 0.197368
	knee_angle_r = -0.0236199
	ankle_angle_r = 0.0214674
	hip_flexion_l = 0.228179
	knee_angle_l = -1.210564
	ankle_angle_l = -0.174071
}
velocities {
	pelvis_tilt = -0.572135
	pelvis_tx = 1
	pelvis_ty = 0.0545873
	hip_flexion_r = -0.576377
	knee_angle_r = 0.175894
	ankle_angle_r = 0.988937
	hip_flexion_l = 4.90666
	knee_angle_l = -3.59786
	ankle_angle_l = 0.633253
}
